procs -----------memory---------- ---swap-- -----io---- -system-- -------cpu-------
 r  b   swpd   free   buff  cache   si   so    bi    bo   in   cs us sy id wa st gu
 2  0    332 130240404 2193956 116130204    0    0   167  4027 3321    3  2  1 96  1  0  0
 2  0    332 130240180 2193956 116130296    0    0     0     0 2725 4808  1  0 98  0  0  0
 2  0    332 130188448 2193964 116176996    0    0 46840    60 6144 9597 11  2 87  1  0  0
 2  0    332 130132916 2193964 116222552    0    0 45364     0 10452 28890 17  2 80  1  0  0
 2  0    332 130084228 2193964 116273692    0    0 51128     0 4795 6857  8  1 91  1  0  0
 1  0    332 130020244 2193964 116326652    0    0 52936     8 4873 6878  8  1 90  1  0  0
 2  0    332 129976072 2193964 116378748    0    0 52096     8 4796 7457  7  1 91  1  0  0
 1  0    332 129927576 2193980 116430008    0    0 51948   128 4895 7527  8  1 90  1  0  0
 1  0    332 129886088 2193980 116480160    0    0 50344     0 4699 7080  8  1 90  1  0  0
 1  0    332 129832744 2194020 116530544    0    0 51424  1276 4747 7122  7  1 91  1  0  0
 1  0    332 129794544 2194020 116582296    0    0 51620     4 4691 6597  8  1 91  1  0  0
 1  0    332 129736300 2194020 116634752    0    0 52588     0 4764 6993  8  1 90  1  0  0
 0  1    332 129696764 2194020 116680512    0    0 45592     0 10280 26258 19  3 78  1  0  0
 1  0    332 129643236 2194020 116733080    0    0 52596     0 4499 6252  7  1 92  1  0  0
 0  1    332 129595220 2194028 116784752    0    0 51664   108 4712 6859  8  1 91  1  0  0
 0  1    332 129542288 2194028 116836540    0    0 51768     0 4578 6117  7  1 92  1  0  0
 0  1    332 129488912 2194028 116887536    0    0 50996    12 4536 6167  8  1 91  1  0  0
 1  0    332 129441216 2194028 116938200    0    0 50664     0 4632 6199  8  1 91  1  0  0
 0  0    332 129412476 2194028 116969308    0    0 31112     0 4327 5979  5  1 94  0  0  0
